proj:       3
zone:       0
north:      33:45:02.790025S
south:      34:16:12.038772S
east:       20:50:22.030235E
west:       20:04:06.845095E
cols:       919
rows:       619
e-w resol:  0:00:03.019788
n-s resol:  0:00:03.019788
format:     -1
compressed: 2
