proj:       3
zone:       0
north:      21:16:11.364974S
south:      35:54:02.506565S
east:       33:58:50.028498E
west:       13:40:45.120164E
cols:       24202
rows:       17442
e-w resol:  0:00:03.019788
n-s resol:  0:00:03.019788
format:     -1
compressed: 2
